
1000
1250
1500
1001
1251
1501
1002
1252
1502
1003
1253
1503
1004
1254
1504
1005
1255
1505
1006
1256
1506
1750
1007
1257
1507
1008
1751
1258
1508
1009
1259
1509
1752
1010
1260
1510
1753
1011
1261
1511
1012
1262
1512
1754
1013
1263
1513
1755
1014
1264
1514
1015
1265
1515
1756
1016
1266
1516
1757
1017
1267
1517
1018
1268
1518
1758
1019
1269
1519
1020
1270
1759
1520
1271
1021
1521
1760
1272
1022
1522
1273
1023
1761
1523
1274
1024
1524
1762
1275
1025
1525
1276
1026
1526
1763
1277
1027
1527
1764
1278
1028
1528
1279
1029
1529
1765
1280
1030
1530
1766
1281
1031
1531
1282
1032
1532
1767
1283
1033
1533
1768
1284
1034
1534
1285
1035
1535
1769
1286
1036
1536
1770
1287
1037
1537
1288
1038
1538
1771
1289
1039
1539
1772
1290
1040
1540
1291
1541
1041
1773
1292
1542
1042
1293
1774
1543
1043
1294
1544
1044
1775
1295
1545
1045
1296
1776
1546
1046
1297
1547
1047
1777
1298
1548
1048
1299
1778
1549
1049
1300
1550
1050
1779
1301
1551
1051
1302
1552
1780
1052
1303
1553
1053
1781
1304
1554
1054
1782
1305
1555
1055
1783
1306
1556
1056
1784
1307
1557
1057
1785
1308
1558
1058
1309
1786
1559
1059
1310
1560
1787
1060
1311
1561
1788
1061
1312
1562
1062
1789
1313
1563
1063
1790
1314
1564
1064
1791
1315
1565
1065
1792
1316
1566
1066
1793
1317
1567
1067
1794
1318
1568
1068
1319
1795
1569
1069
1320
1570
1796
1070
1321
1571
1797
1071
1322
1572
1798
1072
1323
1573
1073
1799
1324
1574
1074
1800
1325
1575
1075
1801
1326
1576
1076
1802
1327
1577
1077
1803
1328
1578
1078
1329
1804
1579
1079
1330
1580
1805
1080
1331
1581
1806
1081
1332
1582
1807
1082
1333
1583
1083
1808
1334
1584
1084
1809
1335
1585
1085
1810
1336
1586
1086
1811
1337
1587
1087
1812
1338
1588
1088
1339
1589
1813
1089
1340
1590
1814
1090
1341
1591
1815
1091
1342
1592
1816
1092
1343
1593
1817
1093
1344
1594
1094
1818
1345
1595
1095
1819
1346
1596
1096
1820
1347
1597
1097
1348
1821
1598
1098
1349
1599
1822
1099
1350
1600
1823
1100
1351
1601
1824
1101
1352
1602
1825
1102
1353
1603
1826
1103
1354
1604
1104
1827
1355
1605
1105
1828
1356
1606
1106
1357
1829
1607
1107
1358
1608
1830
1108
1359
1609
1109
1831
1360
1610
1110
1361
1611
1832
1111
1362
1612
1112
1833
1363
1613
1113
1364
1614
1834
1114
1365
1615
1115
1835
1366
1616
1116
1367
1617
1836
1117
1368
1618
1118
1369
1837
1619
1119
1370
1620
1838
1120
1371
1621
1121
1372
1839
1622
1122
1373
1623
1840
1123
1374
1624
1124
1375
1841
1625
1125
1376
1626
1842
1126
1377
1627
1127
1378
1843
1628
1128
1379
1629
1844
1129
1380
1630
1130
1381
1845
1631
1131
1382
1632
1846
1132
1383
1633
1133
1384
1847
1634
1134
1385
1635
1848
1135
1386
1636
1136
1387
1849
1637
1137
1388
1638
1850
1138
1389
1639
1139
1390
1851
1640
1140
1391
1641
1852
1141
1392
1642
1393
1142
1853
1643
1394
1143
1644
1854
1395
1144
1645
1396
1145
1855
1646
1397
1146
1647
1856
1398
1147
1648
1399
1148
1857
1649
1400
1149
1650
1858
1401
1150
1651
1402
1151
1859
1652
1403
1152
1653
1860
1404
1153
1654
1405
1861
1154
1655
1406
1155
1656
1862
1407
1156
1657
1408
1863
1157
1658
1409
1158
1659
1864
1410
1159
1660
1411
1865
1160
1661
1412
1161
1662
1866
1413
1162
1663
1414
1867
1163
1664
1415
1164
1665
1868
1416
1165
1666
1417
1869
1166
1667
1418
1167
1668
1870
1419
1168
1669
1420
1871
1169
1670
1421
1170
1671
1872
1422
1171
1672
1423
1873
1673
1172
1424
1674
1173
1874
1425
1675
1174
1426
1875
1676
1175
1427
1677
1176
1876
1428
1678
1177
1429
1877
1679
1178
1430
1680
1179
1878
1431
1681
1180
1432
1879
1682
1181
1433
1683
1182
1880
1434
1684
1183
1435
1881
1685
1184
1436
1686
1185
1882
1437
1687
1186
1438
1883
1688
1187
1439
1689
1188
1884
1440
1690
1189
1441
1885
1691
1190
1442
1692
1191
1886
1443
1693
1192
1444
1887
1694
1193
1445
1695
1194
1888
1446
1696
1195
1447
1889
1697
1196
1448
1698
1197
1890
1449
1699
1198
1450
1891
1700
1199
1451
1701
1200
1892
1452
1702
1201
1453
1893
1703
1202
1454
1704
1203
1894
1455
1705
1204
1456
1895
1706
1205
1457
1707
1206
1896
1458
1708
1207
1459
1897
1709
1208
1460
1710
1209
1898
1461
1711
1210
1462
1899
1712
1211
1463
1713
1212
1900
1464
1714
1213
1465
1901
1715
1214
1466
1716
1215
1902
1467
1717
1216
1468
1903
1718
1217
1469
1719
1218
1904
1470
1720
1219
1471
1905
1721
1220
1472
1722
1221
1906
1473
1723
1222
1474
1907
1724
1223
1475
1725
1224
1908
1476
1726
1225
1477
1909
1727
1226
1478
1728
1227
1910
1479
1729
1228
1480
1911
1730
1229
1481
1731
1912
1230
1482
1732
1231
1483
1913
1733
1232
1484
1734
1914
1233
1485
1735
1234
1486
1915
1736
1235
1487
1737
1916
1236
1488
1738
1237
1489
1917
1739
1238
1490
1740
1918
1239
1491
1741
1240
1492
1919
1742
1241
1493
1743
1920
1242
1494
1744
1243
1495
1921
1745
1244
1496
1746
1922
1245
1497
1747
1246
1498
1923
1748
1247
1499
1749
1924
1248
1249
1925
1926
1927
1928
1929
1930
1931
1932
1933
1934
1935
1936
1937
1938
1939
1940
1941
1942
1943
1944
1945
1946
1947
1948
1949
1950
1951
1952
1953
1954
1955
1956
1957
1958
1959
1960
1961
1962
1963
1964
1965
1966
1967
1968
1969
1970
1971
1972
1973
1974
1975
1976
1977
1978
1979
1980
1981
1982
1983
1984
1985
1986
1987
1988
1989
1990
1991
1992
1993
1994
1995
1996
1997
1998
1999
0750
0751
0752
0753
0754
0755
0756
0757
0758
0759
0760
0761
0762
0763
0764
0765
0766
0767
0768
0769
0770
0771
0772
0773
0774
0775
0776
0777
0778
0779
0780
0781
0782
0783
0784
0785
0786
0787
0788
0789
0790
0791
0792
0793
0794
0795
0796
0797
0798
0799
0800
0801
0802
0803
0804
0805
0806
0807
0808
0809
0810
0811
0812
0813
0814
0815
0816
0817
0818
0819
0820
0821
0822
0823
0824
0825
0826
0827
0828
0829
0830
0831
0832
0833
0834
0835
0836
0837
0838
0839
0840
0841
0842
0843
0844
0845
0846
0847
0848
0849
0850
0851
0852
0853
0854
0855
0856
0857
0858
0859
0860
0861
0862
0863
0864
0865
0866
0867
0868
0869
0870
0871
0872
0873
0874
0875
0876
0877
0878
0879
0880
0881
0882
0883
0884
0885
0886
0887
0888
0889
0890
0891
0892
0893
0894
0895
0896
0897
0898
0899
0900
0901
0902
0903
0904
0905
0906
0907
0908
0909
0910
0911
0912
0913
0914
0915
0916
0917
0918
0919
0920
0921
0922
0923
0924
0925
0926
0927
0928
0929
0930
0931
0932
0933
0934
0935
0936
0937
0938
0939
0940
0941
0942
0943
0944
0945
0946
0947
0948
0949
0950
0951
0952
0953
0954
0955
0956
0957
0958
0959
0960
0961
0962
0963
0964
0965
0966
0967
0968
0969
0970
0971
0972
0973
0974
0975
0976
0977
0978
0979
0980
0981
0982
0983
0984
0985
0986
0987
0988
0989
0990
0991
0992
0993
0994
0995
0996
0997
0998
0999
0000
0001
0002
0003
0004
0005
0006
0007
0008
0009
0010
0011
0012
0013
0014
0015
0016
0017
0018
0019
0020
0021
0022
0023
0024
0025
0026
0027
0028
0029
0030
0031
0032
0033
0034
0035
0036
0037
0038
0039
0040
0041
0042
0043
0044
0045
0046
0047
0048
0049
0050
0051
0052
0053
0054
0055
0056
0057
0058
0059
0060
0061
0062
0063
0064
0065
0066
0067
0068
0069
0070
0071
0072
0073
0074
0075
0076
0077
0078
0079
0080
0081
0082
0083
0084
0085
0086
0087
0088
0089
0090
0091
0092
0093
0094
0095
0096
0097
0098
0099
0100
0101
0102
0103
0104
0105
0106
0107
0108
0109
0110
0111
0112
0113
0114
0115
0116
0117
0118
0119
0120
0121
0122
0123
0124
0125
0126
0127
0128
0129
0130
0131
0132
0133
0134
0135
0136
0137
0138
0139
0140
0141
0142
0143
0144
0145
0146
0147
0148
0149
0150
0151
0152
0153
0154
0155
0156
0157
0158
0159
0160
0161
0162
0163
0164
0165
0166
0167
0168
0169
0170
0171
0172
0173
0174
0175
0176
0177
0178
0179
0180
0181
0182
0183
0184
0185
0186
0187
0188
0189
0190
0191
0192
0193
0194
0195
0196
0197
0198
0199
0200
0201
0202
0203
0204
0205
0206
0207
0208
0209
0210
0211
0212
0213
0214
0215
0216
0217
0218
0219
0220
0221
0222
0223
0224
0225
0226
0227
0228
0229
0230
0231
0232
0233
0234
0235
0236
0237
0238
0239
0240
0241
0242
0243
0244
0245
0246
0247
0248
0249
0250
0251
0252
0253
0254
0255
0256
0257
0258
0259
0260
0261
0262
0263
0264
0265
0266
0267
0268
0269
0270
0271
0272
0273
0274
0275
0276
0277
0278
0279
0280
0281
0282
0283
0284
0285
0286
0287
0288
0289
0290
0291
0292
0293
0294
0295
0296
0297
0298
0299
0300
0301
0302
0303
0304
0305
0306
0307
0308
0309
0310
0311
0312
0313
0314
0315
0316
0317
0318
0319
0320
0321
0322
0323
0324
0325
0326
0327
0328
0329
0330
0331
0332
0333
0334
0335
0336
0337
0338
0339
0340
0341
0342
0343
0344
0345
0346
0347
0348
0349
0350
0351
0352
0353
0354
0355
0356
0357
0358
0359
0360
0361
0362
0363
0364
0365
0366
0367
0368
0369
0370
0371
0372
0373
0374
0375
0376
0377
0378
0379
0380
0381
0382
0383
0384
0385
0386
0387
0388
0389
0390
0391
0392
0393
0394
0395
0396
0397
0398
0399
0400
0401
0402
0403
0404
0405
0406
0407
0408
0409
0410
0411
0412
0413
0414
0415
0416
0417
0418
0419
0420
0421
0422
0423
0424
0425
0426
0427
0428
0429
0430
0431
0432
0433
0434
0435
0436
0437
0438
0439
0440
0441
0442
0443
0444
0445
0446
0447
0448
0449
0450
0451
0452
0453
0454
0455
0456
0457
0458
0459
0460
0461
0462
0463
0464
0465
0466
0467
0468
0469
0470
0471
0472
0473
0474
0475
0476
0477
0478
0479
0480
0481
0482
0483
0484
0485
0486
0487
0488
0489
0490
0491
0492
0493
0494
0495
0496
0497
0498
0499
0500
0501
0502
0503
0504
0505
0506
0507
0508
0509
0510
0511
0512
0513
0514
0515
0516
0517
0518
0519
0520
0521
0522
0523
0524
0525
0526
0527
0528
0529
0530
0531
0532
0533
0534
0535
0536
0537
0538
0539
0540
0541
0542
0543
0544
0545
0546
0547
0548
0549
0550
0551
0552
0553
0554
0555
0556
0557
0558
0559
0560
0561
0562
0563
0564
0565
0566
0567
0568
0569
0570
0571
0572
0573
0574
0575
0576
0577
0578
0579
0580
0581
0582
0583
0584
0585
0586
0587
0588
0589
0590
0591
0592
0593
0594
0595
0596
0597
0598
0599
0600
0601
0602
0603
0604
0605
0606
0607
0608
0609
0610
0611
0612
0613
0614
0615
0616
0617
0618
0619
0620
0621
0622
0623
0624
0625
0626
0627
0628
0629
0630
0631
0632
0633
0634
0635
0636
0637
0638
0639
0640
0641
0642
0643
0644
0645
0646
0647
0648
0649
0650
0651
0652
0653
0654
0655
0656
0657
0658
0659
0660
0661
0662
0663
0664
0665
0666
0667
0668
0669
0670
0671
0672
0673
0674
0675
0676
0677
0678
0679
0680
0681
0682
0683
0684
0685
0686
0687
0688
0689
0690
0691
0692
0693
0694
0695
0696
0697
0698
0699
0700
0701
0702
0703
0704
0705
0706
0707
0708
0709
0710
0711
0712
0713
0714
0715
0716
0717
0718
0719
0720
0721
0722
0723
0724
0725
0726
0727
0728
0729
0730
0731
0732
0733
0734
0735
0736
0737
0738
0739
0740
0741
0742
0743
0744
0745
0746
0747
0748
0749
0000
0000
0000
0000
0000
0000
0002
0002
0000
0000
0000
0000
0001
0002
0003
0004
0005
0006
0007
0008
0009
0000
0001
0002
0003
0004
0005
0006
0007
0008
0009
0000
0001
0002
0003
0004
0005
0006
0007
0008
0009
0000
0001
0002
0003
0004
0005
0006
0007
0008
0009
0000
0001
0002
0003
0004
0005
0006
0007
0008
0009
0000
0001
0002
0003
0004
0005
0006
0007
0008
0009
0010
0011
0012
0013
0014
0015
0016
0017
0018
0019
0020
0021
0022
0023
0024
0025
0026
0027
0028
0029
0030
0031
0032
0033
0034
0035
0036
0037
0038
0039
0040
0041
0042
0043
0044
0045
0046
0047
0048
0049
0050
0051
0052
0053
0054
0055
0056
0057
0058
0059
0060
0061
0062
0063
0064
0065
0066
0067
0068
0069
0070
0071
0072
0073
0074
0075
0076
0077
0078
0079
0080
0081
0082
0083
0084
0085
0086
0087
0088
0089
0090
0091
0092
0093
0094
0095
0096
0097
0098
0099
0100
0101
0102
0103
0104
0105
0106
0107
0108
0109
0110
0111
0112
0113
0114
0115
0116
0117
0118
0119
0120
0121
0122
0123
0124
0125
0126
0127
0128
0129
0130
0131
0132
0133
0134
0135
0136
0137
0138
0139
0140
0141
0142
0143
0144
0145
0146
0147
0148
0149
0150
0151
0152
0153
0154
0155
0156
0157
0158
0159
0160
0161
0162
0163
0164
0165
0166
0167
0168
0169
0170
0171
0172
0173
0174
0175
0176
0177
0178
0179
0180
0181
0182
0183
0184
0185
0186
0187
0188
0189
0190
0191
0192
0193
0194
0195
0196
0197
0198
0199
0200
