
1000
1250
1500
1001
1251
1501
1002
1252
1502
1003
1253
1503
1004
1254
1504
1005
1255
1505
1006
1256
1506
1750
1007
1257
1507
1008
1751
1258
1508
1009
1259
1509
1752
1010
1260
1510
1753
1011
1261
1511
1012
1262
1512
1754
1013
1263
1513
1755
1014
1264
1514
1015
1265
1515
1756
1016
1266
1516
1757
1017
1267
1517
1018
1268
1518
1758
1019
1269
1519
1020
1270
1759
1520
1271
1021
1521
1760
1272
1022
1522
1273
1023
1761
1523
1274
1024
1524
1762
1275
1025
1525
1276
1026
1526
1763
1277
1027
1527
1764
1278
1028
1528
1279
1029
1529
1765
1280
1030
1530
1766
1281
1031
1531
1282
1032
1532
1767
1283
1033
1533
1768
1284
1034
1534
1285
1035
1535
1769
1286
1036
1536
1770
1287
1037
1537
1288
1038
1538
1771
1289
1039
1539
1772
1290
1040
1540
1291
1541
1041
1773
1292
1542
1042
1293
1774
1543
1043
1294
1544
1044
1775
1295
1545
1045
1296
1776
1546
1046
1297
1547
1047
1777
1298
1548
1048
1299
1778
1549
1049
1300
1550
1050
1779
1301
1551
1051
1302
1552
1780
1052
1303
1553
1053
1781
1304
1554
1054
1782
1305
1555
1055
1783
1306
1556
1056
1784
1307
1557
1057
1785
1308
1558
1058
1309
1786
1559
1059
1310
1560
1787
1060
1311
1561
1788
1061
1312
1562
1062
1789
1313
1563
1063
1790
1314
1564
1064
1791
1315
1565
1065
1792
1316
1566
1066
1793
1317
1567
1067
1794
1318
1568
1068
1319
1795
1569
1069
1320
1570
1796
1070
1321
1571
1797
1071
1322
1572
1798
1072
1323
1573
1073
1799
1324
1574
1074
1800
1325
1575
1075
1801
1326
1576
1076
1802
1327
1577
1077
1803
1328
1578
1078
1329
1804
1579
1079
1330
1580
1805
1080
1331
1581
1806
1081
1332
1582
1807
1082
1333
1583
1083
1808
1334
1584
1084
1809
1335
1585
1085
1810
1336
1586
1086
1811
1337
1587
1087
1812
1338
1588
1088
1339
1589
1813
1089
1340
1590
1814
1090
1341
1591
1815
1091
1342
1592
1816
1092
1343
1593
1817
1093
1344
1594
1094
1818
1345
1595
1095
1819
1346
1596
1096
1820
1347
1597
1097
1348
1821
1598
1098
1349
1599
1822
1099
1350
1600
1823
1100
1351
1601
1824
1101
1352
1602
1825
1102
1353
1603
1826
1103
1354
1604
1104
1827
1355
1605
1105
1828
1356
1606
1106
1357
1829
1607
1107
1358
1608
1830
1108
1359
1609
1109
1831
1360
1610
1110
1361
1611
1832
1111
1362
1612
1112
1833
1363
1613
1113
1364
1614
1834
1114
1365
1615
1115
1835
1366
1616
1116
1367
1617
1836
1117
1368
1618
1118
1369
1837
1619
1119
1370
1620
1838
1120
1371
1621
1121
1372
1839
1622
1122
1373
1623
1840
1123
1374
1624
1124
1375
1841
1625
1125
1376
1626
1842
1126
1377
1627
1127
1378
1843
1628
1128
1379
1629
1844
1129
1380
1630
1130
1381
1845
1631
1131
1382
1632
1846
1132
1383
1633
1133
1384
1847
1634
1134
1385
1635
1848
1135
1386
1636
1136
1387
1849
1637
1137
1388
1638
1850
1138
1389
1639
1139
1390
1851
1640
1140
1391
1641
1852
1141
1392
1642
1393
1142
1853
1643
1394
1143
1644
1854
1395
1144
1645
1396
1145
1855
1646
1397
1146
1647
1856
1398
1147
1648
1399
1148
1857
1649
1400
1149
1650
1858
1401
1150
1651
1402
1151
1859
1652
1403
1152
1653
1860
1404
1153
1654
1405
1861
1154
1655
1406
1155
1656
1862
1407
1156
1657
1408
1863
1157
1658
1409
1158
1659
1864
1410
1159
1660
1411
1865
1160
1661
1412
1161
1662
1866
1413
1162
1663
1414
1867
1163
1664
1415
1164
1665
1868
1416
1165
1666
1417
1869
1166
1667
1418
1167
1668
1870
1419
1168
1669
1420
1871
1169
1670
1421
1170
1671
1872
1422
1171
1672
1423
1873
1673
1172
1424
1674
1173
1874
1425
1675
1174
1426
1875
1676
1175
1427
1677
1176
1876
1428
1678
1177
1429
1877
1679
1178
1430
1680
1179
1878
1431
1681
1180
1432
1879
1682
1181
1433
1683
1182
1880
1434
1684
1183
1435
1881
1685
1184
1436
1686
1185
1882
1437
1687
1186
1438
1883
1688
1187
1439
1689
1188
1884
1440
1690
1189
1441
1885
1691
1190
1442
1692
1191
1886
1443
1693
1192
1444
1887
1694
1193
1445
1695
1194
1888
1446
1696
1195
1447
1889
1697
1196
1448
1698
1197
1890
1449
1699
1198
1450
1891
1700
1199
1451
1701
1200
1892
1452
1702
1201
1453
1893
1703
1202
1454
1704
1203
1894
1455
1705
1204
1456
1895
1706
1205
1457
1707
1206
1896
1458
1708
1207
1459
1897
1709
1208
1460
1710
1209
1898
1461
1711
1210
1462
1899
1712
1211
1463
1713
1212
1900
1464
1714
1213
1465
1901
1715
1214
1466
1716
1215
1902
1467
1717
1216
1468
1903
1718
1217
1469
1719
1218
1904
1470
1720
1219
1471
1905
1721
1220
1472
1722
1221
1906
1473
1723
1222
1474
1907
1724
1223
1475
1725
1224
1908
1476
1726
1225
1477
1909
1727
1226
1478
1728
1227
1910
1479
1729
1228
1480
1911
1730
1229
1481
1731
1912
1230
1482
1732
1231
1483
1913
1733
1232
1484
1734
1914
1233
1485
1735
1234
1486
1915
1736
1235
1487
1737
1916
1236
1488
1738
1237
1489
1917
1739
1238
1490
1740
1918
1239
1491
1741
1240
1492
1919
1742
1241
1493
1743
1920
1242
1494
1744
1243
1495
1921
1745
1244
1496
1746
1922
1245
1497
1747
1246
1498
1923
1748
1247
1499
1749
1924
1248
1249
1925
1926
1927
1928
1929
1930
1931
1932
1933
1934
1935
1936
1937
1938
1939
1940
1941
1942
1943
1944
1945
1946
1947
1948
1949
1950
1951
1952
1953
1954
1955
1956
1957
1958
1959
1960
1961
1962
1963
1964
1965
1966
1967
1968
1969
1970
1971
1972
1973
1974
1975
1976
1977
1978
1979
1980
1981
1982
1983
1984
1985
1986
1987
1988
1989
1990
1991
1992
1993
1994
1995
1996
1997
1998
1999
0750
0751
0752
0753
0754
0755
0756
0757
0758
0759
0760
0761
0762
0763
0764
0765
0766
0767
0768
0769
0770
0771
0772
0773
0774
0775
0776
0777
0778
0779
0780
0781
0782
0783
0784
0785
0786
0787
0788
0789
0790
0791
0792
0793
0794
0795
0796
0797
0798
0799
0800
0801
0802
0803
0804
0805
0806
0807
0808
0809
0810
0811
0812
0813
0814
0815
0816
0817
0818
0819
0820
0821
0822
0823
0824
0825
0826
0827
0828
0829
0830
0831
0832
0833
0834
0835
0836
0837
0838
0839
0840
0841
0842
0843
0844
0845
0846
0847
0848
0849
0850
0851
0852
0853
0854
0855
0856
0857
0858
0859
0860
0861
0862
0863
0864
0865
0866
0867
0868
0869
0870
0871
0872
0873
0874
0875
0876
0877
0878
0879
0880
0881
0882
0883
0884
0885
0886
0887
0888
0889
0890
0891
0892
0893
0894
0895
0896
0897
0898
0899
0900
0901
0902
0903
0904
0905
0906
0907
0908
0909
0910
0911
0912
0913
0914
0915
0916
0917
0918
0919
0920
0921
0922
0923
0924
0925
0926
0927
0928
0929
0930
0931
0932
0933
0934
0935
0936
0937
0938
0939
0940
0941
0942
0943
0944
0945
0946
0947
0948
0949
0950
0951
0952
0953
0954
0955
0956
0957
0958
0959
0960
0961
0962
0963
0964
0965
0966
0967
0968
0969
0970
0971
0972
0973
0974
0975
0976
0977
0978
0979
0980
0981
0982
0983
0984
0985
0986
0987
0988
0989
0990
0991
0992
0993
0994
0995
0996
0997
0998
0999
